vesselCount = 1
UT = 1252.6952490230567
gameMode = CAREER
gameNull = False
gameCompatible = True
funds = 274915.81912149402
science = 32
reputationPercent = 5
ongoingContracts = 1
missionCurrentScore = 0
missionIsStarted = False
missionIsEnded = False
missionHistoryId = 00000000-0000-0000-0000-000000000000
missionExpansionVersion = 
saveMD5 = 4b74597e6151c04ea1ee2e507cf42bcb
